■ PARASPARA PRANA OWNERS [2025.05.01~]
                                                                                                                                              (단위:원)
                                       회원가                           평형변경(Up-grade)                           준회원가Ⅱ
    객실타입          구분                 일일 (1,2번째)                         평형변경                                   박수초과                          정상가
                               기명             무기명              기명                 무기명                 기명                  무기명
         요금코드                  MN0                MU0          MN2                    MU2             MN3                  MU3               RAC
          요금명              Member Named   Member Unnamed   Upgrade Named      Upgrade Unnamed   A. Menber Named 2   A. Member Unnamed 2    Rack Rate


                 주 중        320,000          350,000           n/a                    n/a          430,000              470,000

  D타입(67)
                 주 말        360,000          390,000           n/a                    n/a          490,000              530,000           3,900,000
   PINE

                 성수기        410,000          450,000           n/a                    n/a          550,000              610,000


                 주 중        360,000          390,000        470,000             510,000            490,000              530,000

  E타입(77)
                 주 말        390,000          420,000        510,000             550,000            530,000              570,000           4,500,000
  GARDEN

                 성수기        450,000          490,000        590,000             640,000            610,000              660,000


                 주 중        400,000          440,000        520,000             570,000            540,000              590,000

  F타입(88)
                 주 말        450,000          490,000        590,000             640,000            610,000              660,000           5,200,000
   PARK

                 성수기        510,000          570,000        660,000             740,000            690,000              770,000


                 주 중        530,000          570,000        690,000             740,000            720,000              770,000

 G타입(121)
                 주 말        600,000          650,000        780,000             850,000            810,000              880,000           7,400,000
  FOREST

                 성수기        660,000          720,000        860,000             940,000            890,000              970,000


                 주 중        560,000          610,000        730,000             790,000            760,000              820,000

 H타입(130)
                 주 말        650,000          710,000        850,000             920,000            880,000              960,000           80,000,000
  MOUNT

                 성수기        720,000          780,000        940,000            1,010,000           970,000             1,050,000


                 주 중        670,000          720,000        870,000             940,000            900,000              970,000

 I타입(156)
                 주 말        780,000          840,000       1,010,000           1,090,000          1,050,000            1,130,000          10,300,000
   SKY

                 성수기        840,000          930,000       1,090,000           1,210,000          1,130,000            1,260,000

★ 히노키 : 60,000원 / POOL : 90,000원
